0.001250, -0.000658, 0.000671, 1.724913, -1.517071, -9.538633, -208.679398, -54.006222, 474.966278, 37.854771, 101325.000000, 37.854771, 13296252537
0.001605, -0.000569, 0.000405, 1.724116, -1.504317, -9.526676, -202.814301, -53.999020, 474.965942, 37.867352, 101325.000000, 37.867352, 13296262537
0.000984, -0.002344, -0.000039, 1.726906, -1.511491, -9.543614, -202.825272, -62.847092, 477.871094, 37.917046, 101325.000000, 37.917046, 13296272537
0.000984, -0.001457, 0.000405, 1.723119, -1.518067, -9.551785, -214.560974, -67.285545, 479.324371, 37.904465, 101325.000000, 37.904465, 13296282537
0.001339, -0.000924, 0.000405, 1.726109, -1.527034, -9.534847, -220.413513, -56.894085, 479.552490, 37.888107, 101325.000000, 37.888107, 13296302537
0.000717, -0.001013, 0.001559, 1.726906, -1.515875, -9.538633, -210.149536, -56.881481, 479.551819, 37.896286, 101325.000000, 37.896286, 13296312537
0.000451, -0.001546, 0.000405, 1.726706, -1.495150, -9.547400, -210.153137, -59.852524, 479.486755, 37.900059, 101325.000000, 37.900059, 13296322537
0.000895, -0.001546, 0.000494, 1.732884, -1.503918, -9.539431, -216.018265, -59.859730, 479.487122, 37.868607, 101325.000000, 37.868607, 13296332537
0.001339, -0.001546, 0.000494, 1.732087, -1.520259, -9.539431, -208.681198, -55.491749, 474.933777, 37.858543, 101325.000000, 37.858543, 13296352537
0.001871, -0.001989, 0.000937, 1.722322, -1.511889, -9.551188, -211.618958, -60.016994, 471.736053, 37.858543, 101325.000000, 37.858543, 13296362537
0.002138, -0.000835, 0.000138, 1.721924, -1.507505, -9.541024, -213.087326, -61.406715, 476.354126, 37.864208, 101325.000000, 37.864208, 13296372537
0.000540, -0.001989, 0.000227, 1.724116, -1.497741, -9.539430, -210.157883, -64.536827, 468.538025, 37.856659, 101325.000000, 37.856659, 13296382537
0.001250, -0.001546, 0.000671, 1.725312, -1.513085, -9.541224, -213.084946, -60.116386, 467.085632, 37.864204, 101325.000000, 37.864204, 13296392537
0.001516, -0.001546, 0.001115, 1.733681, -1.515476, -9.533851, -213.083618, -58.468197, 474.868988, 37.837158, 101325.000000, 37.837158, 13296402537
0.001339, -0.001013, 0.000582, 1.719532, -1.507306, -9.539431, -208.682892, -57.009808, 473.351105, 37.876156, 101325.000000, 37.876156, 13296412537
0.000717, -0.002256, 0.000671, 1.730493, -1.500132, -9.543615, -204.284180, -56.971874, 474.900970, 37.866722, 101325.000000, 37.866722, 13296422537
0.000540, -0.000480, 0.000316, 1.734080, -1.527632, -9.536839, -218.948914, -58.410336, 477.969696, 37.889999, 101325.000000, 37.889999, 13296442537
0.001516, -0.001368, 0.000227, 1.728898, -1.524045, -9.529068, -210.146912, -55.688751, 465.632874, 37.793129, 101325.000000, 37.793129, 13296452537
0.000984, -0.001901, 0.001559, 1.720728, -1.512886, -9.540028, -205.744385, -52.744835, 464.147522, 37.888107, 101325.000000, 37.888107, 13296462537
0.000895, -0.001546, -0.000394, 1.730692, -1.507904, -9.535444, -211.619522, -59.821796, 481.037048, 37.880562, 101325.000000, 37.880562, 13296482537
0.000984, -0.001013, 0.000760, 1.741453, -1.518266, -9.541024, -213.083710, -58.435665, 476.419189, 37.835899, 101325.000000, 37.835899, 13296492537
0.000984, -0.000747, 0.000227, 1.736272, -1.523248, -9.536442, -210.148987, -57.076679, 470.250854, 37.856030, 101325.000000, 37.856030, 13296502537
0.001605, -0.001190, 0.001026, 1.727902, -1.510295, -9.530663, -205.753754, -60.042320, 470.185486, 37.884964, 101325.000000, 37.884964, 13296512537
0.000984, -0.001013, -0.000305, 1.726109, -1.508302, -9.539629, -205.753937, -59.977257, 473.285828, 37.875526, 101325.000000, 37.875526, 13296522537
0.000806, -0.000480, 0.001115, 1.730094, -1.504915, -9.539431, -208.681381, -55.426682, 478.034149, 37.875526, 101325.000000, 37.875526, 13296532537
0.000540, -0.001457, -0.000128, 1.732286, -1.515676, -9.534847, -210.142807, -50.776718, 487.432831, 37.884964, 101325.000000, 37.884964, 13296542537
0.001516, -0.001546, -0.000217, 1.727902, -1.509100, -9.540228, -214.544968, -53.850761, 482.717529, 37.849739, 101325.000000, 37.849739, 13296552537
0.001161, -0.001013, 0.001026, 1.732485, -1.508701, -9.539230, -214.548294, -56.919415, 478.001953, 37.898804, 101325.000000, 37.898804, 13296572537
-0.000082, -0.001457, -0.000394, 1.735076, -1.511292, -9.539630, -211.612503, -53.814632, 484.267487, 37.839676, 101325.000000, 37.839676, 13296582537
0.000629, -0.001368, 0.000582, 1.740656, -1.511491, -9.539431, -217.486328, -61.347054, 479.454681, 37.862949, 101325.000000, 37.862949, 13296602537
0.000984, -0.000835, 0.001115, 1.729496, -1.500531, -9.531260, -220.418625, -61.448257, 474.804382, 37.810738, 101325.000000, 37.810738, 13296612537
0.001339, -0.001368, 0.000671, 1.728898, -1.503321, -9.531260, -211.621323, -61.307323, 481.004517, 37.847851, 101325.000000, 37.847851, 13296622537
0.000984, -0.000569, 0.000671, 1.729895, -1.510893, -9.534648, -210.153320, -59.787460, 482.587128, 37.809479, 101325.000000, 37.809479, 13296632537
0.000984, -0.000835, 0.000138, 1.742449, -1.521853, -9.536242, -211.615570, -56.980881, 474.901398, 37.922081, 101325.000000, 37.922081, 13296642537
0.001250, -0.000303, 0.000405, 1.723518, -1.521056, -9.545408, -216.014114, -57.083881, 470.251221, 37.854771, 101325.000000, 37.854771, 13296652537
0.000717, -0.001634, 0.000849, 1.723917, -1.508502, -9.527075, -214.549988, -58.437466, 476.419281, 37.871124, 101325.000000, 37.871124, 13296662537
0.000540, -0.001013, 0.000227, 1.724116, -1.502922, -9.530663, -214.548477, -56.854347, 481.102295, 37.813255, 101325.000000, 37.813255, 13296672537
0.000895, -0.001812, 0.000138, 1.742449, -1.512886, -9.542220, -208.686493, -59.980854, 473.286041, 37.837784, 101325.000000, 37.837784, 13296692537
0.001339, -0.001546, 0.001204, 1.729696, -1.518067, -9.537039, -207.211334, -52.518909, 474.998749, 37.891884, 101325.000000, 37.891884, 13296702567
0.001516, -0.000924, 0.000760, 1.725312, -1.496346, -9.536640, -213.082214, -56.852547, 481.102203, 37.968628, 101325.000000, 37.968628, 13296722537
0.000540, -0.001723, 0.000937, 1.725909, -1.502125, -9.536441, -213.085602, -59.888657, 477.936798, 37.835266, 101325.000000, 37.835266, 13296732537
0.001161, -0.001634, -0.000394, 1.732884, -1.519262, -9.539431, -213.082214, -56.852547, 481.102203, 37.930882, 101325.000000, 37.930882, 13296742537
0.001072, -0.001989, 0.000582, 1.734080, -1.527632, -9.539431, -205.747223, -53.872494, 481.166809, 37.861061, 101325.000000, 37.861061, 13296752537
0.001072, -0.000747, 0.000050, 1.729496, -1.500929, -9.539032, -214.548386, -56.886883, 479.552094, 37.852257, 101325.000000, 37.852257, 13296782537
0.001694, -0.001634, 0.000316, 1.729496, -1.511491, -9.542021, -216.014008, -57.116417, 468.701050, 37.833382, 101325.000000, 37.833382, 13296792537
0.000185, -0.001368, 0.001115, 1.740257, -1.514081, -9.527075, -213.079758, -55.594749, 470.283569, 37.886852, 101325.000000, 37.886852, 13296802537
0.001339, -0.000303, 0.001026, 1.730692, -1.504317, -9.529467, -211.615372, -57.045948, 471.801117, 37.921448, 101325.000000, 37.921448, 13296812537
0.000717, -0.001723, 0.000671, 1.726109, -1.500531, -9.551188, -211.617249, -58.498936, 473.318756, 37.849739, 101325.000000, 37.849739, 13296822537
0.000717, -0.000747, 0.000227, 1.735275, -1.525639, -9.535444, -201.351227, -57.098408, 468.700104, 37.896915, 101325.000000, 37.896915, 13296842537
0.000895, -0.000924, 0.001115, 1.730692, -1.525041, -9.534647, -204.285492, -58.620056, 467.117615, 37.831497, 101325.000000, 37.831497, 13296852537
0.001339, -0.000391, 0.000227, 1.729895, -1.514679, -9.533850, -208.684784, -58.462795, 474.868683, 37.857285, 101325.000000, 37.857285, 13296862537
0.001516, -0.000924, 0.000760, 1.725312, -1.512288, -9.536441, -216.010605, -54.080296, 471.866455, 37.784950, 101325.000000, 37.784950, 13296872537
0.000096, -0.001190, -0.000660, 1.744840, -1.515476, -9.542219, -214.544220, -54.111027, 470.316193, 37.867981, 101325.000000, 37.867981, 13296882537
0.000717, -0.001368, 0.000138, 1.736869, -1.517270, -9.545807, -211.617615, -58.368801, 479.519409, 37.881821, 101325.000000, 37.881821, 13296892537
0.001516, -0.001989, 0.000582, 1.735275, -1.514281, -9.540426, -214.548477, -56.854347, 481.102295, 37.865463, 101325.000000, 37.865463, 13296902537
0.001516, -0.001634, 0.000494, 1.721127, -1.512686, -9.534449, -216.014496, -56.953751, 476.451904, 37.871758, 101325.000000, 37.871758, 13296912537
0.000629, -0.000658, 0.000760, 1.737268, -1.508302, -9.535843, -214.548386, -56.886883, 479.552094, 37.888741, 101325.000000, 37.888741, 13296932537
0.000362, -0.001368, 0.000760, 1.731887, -1.518465, -9.531458, -218.945328, -55.439289, 478.034790, 37.915161, 101325.000000, 37.915161, 13296952537
0.001250, -0.001634, 0.000671, 1.725710, -1.510096, -9.537238, -216.014404, -56.986282, 474.901703, 37.846596, 101325.000000, 37.846596, 13296962537
0.000895, -0.001723, 0.001204, 1.717938, -1.499136, -9.543814, -210.154556, -61.468185, 473.253571, 37.913902, 101325.000000, 37.913902, 13296972537
0.000984, -0.001901, -0.000572, 1.731091, -1.509299, -9.530065, -210.147552, -55.461018, 476.484070, 37.886223, 101325.000000, 37.886223, 13296982537
0.001072, -0.001457, 0.000671, 1.742847, -1.504516, -9.543415, -210.148544, -56.171249, 478.017914, 37.948498, 101325.000000, 37.948498, 13296992537
0.001427, -0.001457, 0.000849, 1.732087, -1.508900, -9.540228, -211.618423, -59.144100, 477.952942, 37.869240, 101325.000000, 37.869240, 13297002537
0.001250, -0.001190, -0.000128, 1.733083, -1.512089, -9.533253, -211.618423, -59.144100, 477.952942, 37.852882, 101325.000000, 37.852882, 13297012537
0.000629, -0.001013, -0.000128, 1.717938, -1.500730, -9.538235, -207.216324, -56.053780, 483.443329, 37.940948, 101325.000000, 37.940948, 13297022537
0.001339, -0.001368, 0.000050, 1.725312, -1.492360, -9.532256, -204.285583, -57.535702, 483.410583, 37.928993, 101325.000000, 37.928993, 13297032537
0.001427, -0.000391, 0.000138, 1.740456, -1.506708, -9.533452, -205.754898, -60.703754, 474.044617, 37.908241, 101325.000000, 37.908241, 13297042537
0.001516, -0.002078, 0.000849, 1.736670, -1.508900, -9.531060, -207.220901, -60.803154, 469.394257, 37.821434, 101325.000000, 37.821434, 13297052537
0.000895, -0.001989, 0.000405, 1.716344, -1.506907, -9.536442, -207.215332, -55.343552, 481.909424, 37.842190, 101325.000000, 37.842190, 13297072537
0.000984, -0.001102, 0.000405, 1.736670, -1.510494, -9.542818, -207.950897, -57.670341, 477.210175, 37.876160, 101325.000000, 37.876160, 13297082537
0.000717, -0.001546, 0.000760, 1.729895, -1.513484, -9.530463, -207.953506, -59.931160, 475.611206, 37.884338, 101325.000000, 37.884338, 13297092537
0.000717, -0.001546, 0.000405, 1.737268, -1.506907, -9.536242, -210.887909, -61.404011, 476.353973, 37.835274, 101325.000000, 37.835274, 13297102537
0.001339, -0.001102, 0.001204, 1.727902, -1.504715, -9.534647, -212.355988, -62.891335, 476.321533, 37.906982, 101325.000000, 37.906982, 13297112537
0.000629, -0.000125, 0.000316, 1.732884, -1.499136, -9.544212, -213.089081, -62.908501, 475.546478, 37.869240, 101325.000000, 37.869240, 13297122537
0.001339, -0.001368, 0.000316, 1.732884, -1.496944, -9.537039, -214.554352, -62.200077, 474.012665, 37.849739, 101325.000000, 37.849739, 13297132537
0.000895, -0.000658, 0.000494, 1.736471, -1.513882, -9.529665, -213.086411, -60.663956, 476.370361, 37.835274, 101325.000000, 37.835274, 13297142537
0.001339, -0.002167, 0.001026, 1.736869, -1.514480, -9.541025, -213.085648, -59.872395, 478.711884, 37.887482, 101325.000000, 37.887482, 13297152537
0.000984, -0.001634, 0.000227, 1.725312, -1.506509, -9.559557, -214.552597, -60.698288, 474.820312, 37.889999, 101325.000000, 37.889999, 13297162537
0.002049, -0.001901, 0.000671, 1.727902, -1.496545, -9.540825, -215.285690, -60.715458, 474.045288, 37.875526, 101325.000000, 37.875526, 13297172537
0.000185, -0.001457, 0.000494, 1.733681, -1.511491, -9.537437, -216.024429, -65.107849, 477.048035, 37.857914, 101325.000000, 37.857914, 13297192537
0.001783, -0.002078, 0.000138, 1.728500, -1.510893, -9.535645, -210.160309, -65.810890, 478.581543, 37.809479, 101325.000000, 37.809479, 13297202537
0.000362, -0.001279, 0.000405, 1.733083, -1.513683, -9.543415, -209.421677, -61.385952, 477.128937, 37.881821, 101325.000000, 37.881821, 13297212537
0.000629, -0.001723, -0.000660, 1.721326, -1.507505, -9.539431, -215.278641, -54.724560, 476.500641, 37.935287, 101325.000000, 37.935287, 13297232537
0.000895, -0.000747, -0.000394, 1.742250, -1.529226, -9.541821, -215.277924, -53.916729, 479.617249, 37.881191, 101325.000000, 37.881191, 13297242537
0.000806, -0.000125, 0.000582, 1.731489, -1.515078, -9.534647, -216.747269, -56.016685, 485.769226, 37.906353, 101325.000000, 37.906353, 13297252537
0.001516, -0.000924, 0.000760, 1.728699, -1.508900, -9.536242, -216.019333, -60.537418, 482.571228, 37.872383, 101325.000000, 37.872383, 13297262537
0.001072, -0.001901, 0.000405, 1.720130, -1.506110, -9.541821, -213.087173, -61.455517, 474.028870, 37.924591, 101325.000000, 37.924591, 13297272541
0.001072, -0.000658, -0.000394, 1.724315, -1.514879, -9.540227, -211.618958, -60.016994, 471.736053, 37.878044, 101325.000000, 37.878044, 13297282537
0.001783, -0.001190, 0.000405, 1.739261, -1.527433, -9.537437, -211.612045, -53.977295, 476.516663, 37.890625, 101325.000000, 37.890625, 13297302620
0.001339, -0.001368, 0.001648, 1.725511, -1.502723, -9.537437, -208.683090, -56.944744, 476.451416, 37.881191, 101325.000000, 37.881191, 13297312537
0.001516, -0.002611, 0.000937, 1.725909, -1.497143, -9.541622, -208.675964, -50.970116, 478.131714, 37.838417, 101325.000000, 37.838417, 13297322537
0.001250, -0.001457, 0.000760, 1.722721, -1.516273, -9.537638, -207.215302, -55.359821, 481.134369, 37.836529, 101325.000000, 37.836529, 13297332537
0.000984, -0.002256, -0.000217, 1.738065, -1.513085, -9.533651, -207.220886, -59.751328, 484.137085, 37.829609, 101325.000000, 37.829609, 13297342537
0.001072, -0.000835, 0.000316, 1.731489, -1.516074, -9.535246, -207.218994, -58.298336, 482.619476, 37.854141, 101325.000000, 37.854141, 13297352537
0.001427, -0.001190, 0.000760, 1.725112, -1.508302, -9.532257, -208.688293, -61.466381, 473.253479, 37.867981, 101325.000000, 37.867981, 13297362537
0.001605, -0.001989, 0.000760, 1.734877, -1.505114, -9.539431, -207.220230, -59.979057, 473.285950, 37.838417, 101325.000000, 37.838417, 13297372537
0.000717, -0.000125, -0.000217, 1.728699, -1.503321, -9.546405, -210.154846, -61.370586, 477.904083, 37.889999, 101325.000000, 37.889999, 13297382537
0.001339, -0.001190, 0.000050, 1.736670, -1.520259, -9.537437, -213.089310, -62.827171, 479.421875, 37.930885, 101325.000000, 37.930885, 13297392537
0.001516, -0.001723, 0.000671, 1.741851, -1.520657, -9.543814, -211.617157, -58.531467, 471.768585, 37.860435, 101325.000000, 37.860435, 13297402537
0.001516, -0.001457, 0.001026, 1.717938, -1.506708, -9.540426, -210.150681, -58.594730, 468.668121, 37.867981, 101325.000000, 37.867981, 13297412537
0.001072, -0.001279, 0.000760, 1.721127, -1.499335, -9.549593, -211.615738, -56.915817, 478.001770, 37.862949, 101325.000000, 37.862949, 13297422537
0.001250, 0.000052, 0.000138, 1.727304, -1.500531, -9.532455, -213.086349, -59.628395, 490.338135, 37.809483, 101325.000000, 37.809483, 13297432537
0.000362, -0.001457, 0.000494, 1.745438, -1.512487, -9.539828, -208.685715, -58.137466, 490.370392, 37.814514, 101325.000000, 37.814514, 13297442537
0.001871, -0.001812, 0.000582, 1.730293, -1.512288, -9.537437, -207.215118, -55.424889, 478.034027, 37.857918, 101325.000000, 37.857918, 13297452537
0.001072, -0.001102, 0.000760, 1.722322, -1.507107, -9.538433, -204.285675, -58.554993, 470.217957, 37.835274, 101325.000000, 37.835274, 13297462537
0.001783, -0.000391, 0.000582, 1.727703, -1.494154, -9.531658, -208.681290, -55.459217, 476.483978, 37.913269, 101325.000000, 37.913269, 13297472537
0.000984, -0.001368, -0.000749, 1.736869, -1.521056, -9.534050, -205.751953, -58.556793, 470.218018, 37.924591, 101325.000000, 37.924591, 13297492537
0.001161, -0.001723, 0.000138, 1.738065, -1.510893, -9.549194, -207.220337, -59.946526, 474.836090, 37.849110, 101325.000000, 37.849110, 13297502537
0.000984, -0.001634, 0.001736, 1.727105, -1.502523, -9.546604, -204.288040, -59.845322, 479.486389, 37.848480, 101325.000000, 37.848480, 13297512537
0.002049, -0.000747, 0.000849, 1.725710, -1.507904, -9.538034, -205.756027, -61.365185, 477.903809, 37.847221, 101325.000000, 37.847221, 13297522537
0.001161, -0.002256, -0.000305, 1.728500, -1.506509, -9.536839, -214.550079, -58.404934, 477.969452, 37.843449, 101325.000000, 37.843449, 13297532537
0.000984, -0.000658, 0.000050, 1.741652, -1.521056, -9.536042, -216.013153, -55.305561, 484.235229, 37.837158, 101325.000000, 37.837158, 13297542537
0.001072, -0.001368, 0.001115, 1.741453, -1.516672, -9.540028, -207.213776, -53.776695, 485.817413, 37.829609, 101325.000000, 37.829609, 13297552537
0.002226, -0.001368, 0.000671, 1.723119, -1.502523, -9.538235, -202.818832, -56.644741, 490.402557, 37.881187, 101325.000000, 37.881187, 13297562537
0.001072, -0.000303, 0.000760, 1.716344, -1.503121, -9.534050, -214.547150, -55.206158, 488.885651, 37.892513, 101325.000000, 37.892513, 13297572537
0.000451, -0.001457, 0.000671, 1.725710, -1.502723, -9.541422, -218.945038, -55.536888, 473.384277, 37.922707, 101325.000000, 37.922707, 13297582537
0.001161, -0.000924, -0.000572, 1.731290, -1.521455, -9.535046, -211.620575, -61.567585, 468.603149, 37.837788, 101325.000000, 37.837788, 13297592537
0.001605, -0.002256, 0.001204, 1.729695, -1.503520, -9.540426, -216.017715, -60.054928, 470.186157, 37.857918, 101325.000000, 37.857918, 13297612537
0.001427, -0.001190, 0.000138, 1.729695, -1.508701, -9.536640, -217.483963, -60.056725, 470.186249, 37.847221, 101325.000000, 37.847221, 13297622537
0.000806, -0.000835, 0.000760, 1.733482, -1.521056, -9.538035, -207.223938, -62.917568, 474.770996, 37.864838, 101325.000000, 37.864838, 13297632537
0.000806, -0.001901, 0.001204, 1.740456, -1.522052, -9.531857, -213.087601, -61.309116, 481.004608, 37.886223, 101325.000000, 37.886223, 13297652537
0.001161, -0.001546, 0.000405, 1.716743, -1.505712, -9.540028, -210.151154, -58.432064, 476.418976, 37.841560, 101325.000000, 37.841560, 13297662537
0.001605, -0.002167, 0.000671, 1.729297, -1.495947, -9.543814, -204.280655, -53.968288, 476.516205, 37.887482, 101325.000000, 37.887482, 13297672537
0.000540, -0.000924, 0.000138, 1.734877, -1.510096, -9.539230, -208.673981, -49.549660, 475.063904, 37.847855, 101325.000000, 37.847855, 13297682537
0.000273, -0.001546, 0.000937, 1.739061, -1.511690, -9.549194, -214.538986, -49.589394, 473.514130, 37.823952, 101325.000000, 37.823952, 13297692537
0.000362, -0.001457, 0.000405, 1.720330, -1.504118, -9.534449, -207.218521, -58.460999, 474.868591, 37.871754, 101325.000000, 37.871754, 13297732537
0.000629, -0.001368, 0.000050, 1.735076, -1.513484, -9.538633, -210.151154, -58.432064, 476.418976, 37.869865, 101325.000000, 37.869865, 13297742537
0.000895, -0.000480, 0.000405, 1.738663, -1.518266, -9.539829, -213.081924, -56.950146, 476.451691, 37.883076, 101325.000000, 37.883076, 13297752537
0.000984, -0.000924, 0.000760, 1.723717, -1.509897, -9.539431, -213.080490, -55.334488, 482.684906, 37.928997, 101325.000000, 37.928997, 13297762537
0.001250, -0.001368, 0.000494, 1.729297, -1.496545, -9.537437, -216.013062, -55.338093, 482.685089, 37.898804, 101325.000000, 37.898804, 13297772537
0.000096, -0.002522, -0.000305, 1.734279, -1.512686, -9.543415, -213.085800, -59.823593, 481.037140, 37.839676, 101325.000000, 37.839676, 13297782537
0.001250, -0.001190, 0.000316, 1.731688, -1.505313, -9.541023, -205.752609, -58.329063, 481.069214, 37.873009, 101325.000000, 37.873009, 13297792537
0.001516, -0.000658, 0.000760, 1.739659, -1.504118, -9.543814, -204.289658, -61.395912, 476.353546, 37.890625, 101325.000000, 37.890625, 13297802537
0.001516, -0.000125, 0.000138, 1.722920, -1.498538, -9.537636, -207.220337, -59.946526, 474.836090, 37.905094, 101325.000000, 37.905094, 13297812537
0.000273, -0.002522, 0.000494, 1.721525, -1.494353, -9.550191, -211.617722, -58.336269, 481.069580, 37.840935, 101325.000000, 37.840935, 13297822537
0.001783, -0.001368, -0.000039, 1.743246, -1.521255, -9.540028, -214.550079, -58.404934, 477.969452, 37.801300, 101325.000000, 37.801300, 13297842537
0.002049, -0.001102, 0.000405, 1.738663, -1.520857, -9.530064, -210.154663, -61.435650, 474.803711, 37.974915, 101325.000000, 37.974915, 13297852537
0.000540, -0.001901, 0.001204, 1.727703, -1.508502, -9.528869, -205.752136, -58.491730, 473.318359, 37.841560, 101325.000000, 37.841560, 13297862537
0.001516, -0.000125, 0.000138, 1.743844, -1.517668, -9.543615, -210.149277, -56.979080, 474.901306, 37.857285, 101325.000000, 37.857285, 13297892537
0.000629, -0.002433, 0.001115, 1.742050, -1.510096, -9.532854, -208.686676, -59.915787, 476.386383, 37.864204, 101325.000000, 37.864204, 13297902537
0.000895, -0.002078, 0.001470, 1.721924, -1.502922, -9.545010, -214.551788, -59.922993, 476.386719, 37.898170, 101325.000000, 37.898170, 13297912537
0.001871, -0.000303, 0.001026, 1.723717, -1.501328, -9.533253, -217.480652, -56.988079, 474.901794, 37.848480, 101325.000000, 37.848480, 13297922537
0.000806, -0.001013, -0.000749, 1.727304, -1.505313, -9.540028, -214.543167, -52.365242, 482.750061, 37.785580, 101325.000000, 37.785580, 13297932537
0.000362, -0.001901, 0.000316, 1.744840, -1.512288, -9.547003, -214.544968, -53.850761, 482.717529, 37.945351, 101325.000000, 37.945351, 13297942537
0.001072, -0.001812, 0.000937, 1.724514, -1.510694, -9.543016, -207.209702, -50.968315, 478.131622, 37.871754, 101325.000000, 37.871754, 13297972537
0.001516, -0.001368, 0.000227, 1.724913, -1.511292, -9.524683, -205.745132, -52.484573, 476.548859, 37.888107, 101325.000000, 37.888107, 13297982537
0.000540, -0.001901, -0.000128, 1.730692, -1.519462, -9.530663, -205.746841, -54.002625, 474.966095, 37.900063, 101325.000000, 37.900063, 13297992537
0.001161, -0.000658, -0.000128, 1.737069, -1.505114, -9.537039, -213.079926, -55.529682, 473.383911, 37.901318, 101325.000000, 37.901318, 13298002537
0.001516, -0.000658, 0.000227, 1.714750, -1.510694, -9.534846, -214.551514, -60.020592, 471.736237, 37.842819, 101325.000000, 37.842819, 13298012537
0.000984, -0.001457, 0.000316, 1.735474, -1.516074, -9.530662, -218.945236, -55.471821, 476.484619, 37.825836, 101325.000000, 37.825836, 13298042537
0.001960, 0.000052, 0.000937, 1.733282, -1.515875, -9.527275, -213.083801, -58.403130, 477.969360, 37.910126, 101325.000000, 37.910126, 13298052537
0.001960, -0.002167, 0.000937, 1.719732, -1.513284, -9.529467, -207.219162, -58.233269, 485.719788, 37.885593, 101325.000000, 37.885593, 13298062537
0.001339, -0.000747, 0.000050, 1.724913, -1.511889, -9.550789, -208.682800, -57.042343, 471.800934, 37.896286, 101325.000000, 37.896286, 13298082537
0.001072, -0.000303, 0.000405, 1.733083, -1.512886, -9.544014, -202.823303, -61.426643, 474.803284, 37.850998, 101325.000000, 37.850998, 13298092537
0.000717, -0.001989, 0.000316, 1.737866, -1.515676, -9.515318, -205.750626, -56.908611, 478.001404, 37.891884, 101325.000000, 37.891884, 13298102537
0.000273, -0.001723, 0.001204, 1.726906, -1.507107, -9.537237, -210.146133, -53.845360, 482.717255, 37.905724, 101325.000000, 37.905724, 13298112537
0.000717, -0.000924, 0.000227, 1.718935, -1.512089, -9.554575, -205.746933, -53.970093, 476.516296, 37.861061, 101325.000000, 37.861061, 13298122537
0.000806, -0.000569, -0.000217, 1.735076, -1.506310, -9.547800, -203.548218, -54.775219, 473.399567, 37.884964, 101325.000000, 37.884964, 13298132537
0.001516, -0.001812, 0.000760, 1.733482, -1.510295, -9.537437, -203.553635, -59.231792, 473.301941, 37.908237, 101325.000000, 37.908237, 13298142537
0.001694, -0.000747, 0.001115, 1.726507, -1.518864, -9.538035, -209.424286, -63.646763, 475.529968, 37.888741, 101325.000000, 37.888741, 13298152537
0.002049, -0.001634, 0.001381, 1.723717, -1.506708, -9.530064, -213.088043, -62.214539, 473.237488, 37.877419, 101325.000000, 37.877419, 13298162537
0.001694, -0.001190, 0.000050, 1.711761, -1.496745, -9.527872, -210.884811, -59.305859, 470.202087, 37.857918, 101325.000000, 37.857918, 13298172537
0.000629, -0.000658, -0.000128, 1.728898, -1.499335, -9.528869, -209.418533, -59.304058, 470.201996, 37.857918, 101325.000000, 37.857918, 13298182537
0.000895, -0.000924, 0.000494, 1.742648, -1.514679, -9.550590, -210.152084, -59.158562, 477.177765, 37.876789, 101325.000000, 37.876789, 13298202537
0.001339, -0.002167, 0.000316, 1.731090, -1.516871, -9.542419, -209.419006, -59.141396, 477.952850, 37.903206, 101325.000000, 37.903206, 13298212537
0.000717, -0.001368, 0.000050, 1.726308, -1.507904, -9.534449, -211.616730, -57.626038, 479.535706, 37.874271, 101325.000000, 37.874271, 13298232537
-0.000259, -0.001812, 0.000227, 1.735275, -1.524244, -9.525082, -213.081924, -56.950142, 476.451691, 37.912014, 101325.000000, 37.912014, 13298242537
0.000451, -0.001901, 0.000937, 1.730094, -1.508900, -9.557365, -210.152679, -60.015190, 471.735962, 37.854771, 101325.000000, 37.854771, 13298252537
0.002759, -0.000747, 0.002091, 1.734080, -1.501926, -9.535843, -206.488068, -60.688389, 474.819794, 37.935917, 101325.000000, 37.935917, 13298262537
0.001250, 0.000052, 0.000671, 1.719333, -1.498937, -9.532655, -210.151993, -59.191093, 475.627625, 37.870499, 101325.000000, 37.870499, 13298272537
0.001250, -0.001546, -0.000217, 1.734080, -1.510494, -9.545609, -213.084274, -59.292294, 470.977295, 37.842186, 101325.000000, 37.842186, 13298282537
0.000540, -0.001901, 0.000671, 1.729895, -1.518266, -9.534847, -210.151733, -59.288696, 470.977142, 37.816399, 101325.000000, 37.816399, 13298292537
0.002049, -0.001989, 0.000405, 1.729496, -1.507306, -9.544212, -209.423569, -62.838943, 478.646576, 37.862320, 101325.000000, 37.862320, 13298312537
0.001072, -0.001723, 0.000671, 1.720927, -1.498140, -9.555372, -211.621902, -62.163940, 475.562622, 37.852882, 101325.000000, 37.852882, 13298322537
0.000717, -0.001190, -0.000305, 1.732485, -1.507904, -9.542419, -213.813217, -55.481785, 475.709198, 37.886223, 101325.000000, 37.886223, 13298332537
0.001694, -0.000835, 0.000316, 1.742449, -1.521056, -9.529266, -211.613739, -55.495350, 474.933990, 37.840302, 101325.000000, 37.840302, 13298342537
0.002049, -0.001190, 0.000227, 1.737666, -1.508103, -9.526079, -212.351318, -59.226326, 474.077576, 37.820175, 101325.000000, 37.820175, 13298352539
0.001871, -0.001013, 0.000671, 1.728699, -1.512089, -9.527075, -216.017212, -59.165760, 477.178162, 37.823948, 101325.000000, 37.823948, 13298362537
0.000984, -0.001723, 0.000227, 1.727902, -1.500132, -9.547003, -216.750351, -59.166664, 477.178192, 37.896286, 101325.000000, 37.896286, 13298372537
0.000185, -0.001279, 0.000582, 1.729895, -1.509299, -9.553977, -211.618958, -60.016994, 471.736023, 37.864204, 101325.000000, 37.864204, 13298382537
0.000451, -0.000747, -0.000217, 1.741253, -1.514480, -9.555970, -207.218292, -58.542332, 470.993225, 37.866093, 101325.000000, 37.866093, 13298392537
0.001427, -0.000480, 0.000316, 1.734877, -1.513484, -9.539431, -207.217773, -57.669437, 477.210175, 37.846596, 101325.000000, 37.846596, 13298402537
0.001871, -0.000658, 0.001381, 1.724315, -1.496346, -9.511133, -205.756271, -61.283848, 481.779205, 37.881821, 101325.000000, 37.881821, 13298412537
0.000451, -0.001812, -0.000217, 1.715746, -1.503520, -9.521296, -204.293640, -64.236824, 482.489136, 37.869865, 101325.000000, 37.869865, 13298422537
-0.000526, -0.001546, -0.000039, 1.722721, -1.507107, -9.552383, -205.756683, -61.137451, 488.754944, 37.900063, 101325.000000, 37.900063, 13298432574
0.000984, -0.000391, 0.001204, 1.746235, -1.513882, -9.547998, -211.614395, -55.267624, 485.785156, 37.857288, 101325.000000, 37.857288, 13298442537
0.001871, 0.000407, 0.000937, 1.742050, -1.513284, -9.539431, -211.615738, -56.915817, 478.001770, 37.862949, 101325.000000, 37.862949, 13298452537
0.002049, -0.001190, 0.000760, 1.730891, -1.493556, -9.533053, -210.153046, -59.885059, 477.936615, 37.904465, 101325.000000, 37.904465, 13298462537
0.001694, -0.001812, 0.000316, 1.711562, -1.501129, -9.535246, -213.085800, -59.823593, 481.037140, 37.895660, 101325.000000, 37.895660, 13298472537
0.000451, -0.001368, 0.000138, 1.724514, -1.502125, -9.534449, -214.548660, -56.789284, 484.202637, 37.876785, 101325.000000, 37.876785, 13298482537
0.001694, -0.001013, 0.000405, 1.727105, -1.522252, -9.543814, -214.542709, -52.527908, 474.999176, 37.818287, 101325.000000, 37.818287, 13298502537
0.002049, -0.001901, 0.000937, 1.739858, -1.503918, -9.542818, -205.753754, -60.042320, 470.185486, 37.813885, 101325.000000, 37.813885, 13298512537
0.001783, -0.000303, 0.000227, 1.720330, -1.500331, -9.528071, -205.755936, -61.397717, 476.353638, 37.829609, 101325.000000, 37.829609, 13298522537
0.000185, -0.001457, -0.000217, 1.734677, -1.508103, -9.539431, -208.680725, -55.654415, 467.182953, 37.820801, 101325.000000, 37.820801, 13298542537
0.000629, -0.001457, 0.000582, 1.730094, -1.511491, -9.543217, -211.616959, -58.596531, 468.668243, 37.835899, 101325.000000, 37.835899, 13298552537
0.000984, -0.001546, 0.001204, 1.732087, -1.510893, -9.555969, -216.014404, -56.986282, 474.901703, 37.953529, 101325.000000, 37.953529, 13298562537
0.001783, -0.002522, 0.000227, 1.726906, -1.492161, -9.554575, -214.548294, -56.919415, 478.001953, 37.856030, 101325.000000, 37.856030, 13298572537
0.001427, 0.000407, 0.000582, 1.721525, -1.500331, -9.532057, -211.622940, -62.857903, 477.871643, 37.876160, 101325.000000, 37.876160, 13298582537
0.000629, -0.001723, 0.000671, 1.740257, -1.513882, -9.514521, -218.948730, -58.475403, 474.869354, 37.879932, 101325.000000, 37.879932, 13298592537
0.000273, -0.001989, 0.000760, 1.723917, -1.517469, -9.534449, -220.404495, -49.466465, 479.715149, 37.845337, 101325.000000, 37.845337, 13298602537
0.001427, -0.001102, 0.001026, 1.716344, -1.514081, -9.552383, -210.152756, -59.982658, 473.286133, 37.883705, 101325.000000, 37.883705, 13298622537
0.001516, 0.000319, 0.000227, 1.732087, -1.504317, -9.542021, -216.017883, -59.989861, 473.286469, 37.883076, 101325.000000, 37.883076, 13298632537
0.000096, -0.001634, -0.000305, 1.729098, -1.512487, -9.520300, -217.484344, -59.926590, 476.386932, 37.852882, 101325.000000, 37.852882, 13298642537
-0.000082, -0.001723, 0.001736, 1.734877, -1.515676, -9.533651, -216.018082, -59.924797, 476.386810, 37.845337, 101325.000000, 37.845337, 13298652537
0.001339, -0.002167, -0.000039, 1.735674, -1.502723, -9.565136, -216.016373, -58.406738, 477.969513, 37.861061, 101325.000000, 37.861061, 13298662537
0.001516, -0.001190, 0.000937, 1.725909, -1.497940, -9.552383, -216.016556, -58.341671, 481.069855, 37.852257, 101325.000000, 37.852257, 13298672537
0.000717, -0.000835, -0.000128, 1.719931, -1.512288, -9.545210, -214.548386, -56.886883, 479.552094, 37.849739, 101325.000000, 37.849739, 13298682537
0.000717, -0.000924, -0.000217, 1.727304, -1.515676, -9.521894, -214.553513, -61.441051, 474.804016, 37.878677, 101325.000000, 37.878677, 13298692537
0.000806, -0.001457, 0.000050, 1.728500, -1.510893, -9.513126, -218.961426, -68.841522, 476.191833, 37.849113, 101325.000000, 37.849113, 13298702537
0.000806, -0.001723, 0.000671, 1.725112, -1.512487, -9.536839, -217.488129, -62.832573, 479.422150, 37.811996, 101325.000000, 37.811996, 13298712537
0.000451, -0.002078, 0.000937, 1.728500, -1.492161, -9.561152, -207.216827, -56.942947, 476.451324, 37.910126, 101325.000000, 37.910126, 13298722537
0.002049, 0.000585, -0.000394, 1.741851, -1.521654, -9.531658, -208.684784, -58.462795, 474.868683, 37.854774, 101325.000000, 37.854774, 13298742537
0.001516, -0.002256, 0.000405, 1.729297, -1.510494, -9.533253, -207.216919, -56.910416, 478.001495, 37.861691, 101325.000000, 37.861691, 13298752537
0.000185, -0.002078, 0.000760, 1.723717, -1.498339, -9.540426, -205.752411, -58.394131, 477.968872, 37.873642, 101325.000000, 37.873642, 13298762537
0.001339, -0.000835, -0.000128, 1.726109, -1.496944, -9.548996, -211.621140, -61.372387, 477.904175, 37.831497, 101325.000000, 37.831497, 13298772537
0.001072, -0.000924, 0.000405, 1.729098, -1.524643, -9.547401, -211.617355, -58.466400, 474.868896, 37.829613, 101325.000000, 37.829613, 13298782537
0.000984, -0.002344, -0.000217, 1.740456, -1.516871, -9.534249, -207.216827, -56.942947, 476.451324, 37.887482, 101325.000000, 37.887482, 13298792537
0.001694, -0.001279, 0.000227, 1.725112, -1.516672, -9.542220, -211.619415, -59.854328, 479.486847, 37.899433, 101325.000000, 37.899433, 13298802537
0.001871, -0.000747, 0.000671, 1.718337, -1.490966, -9.547800, -211.621323, -61.307323, 481.004517, 37.891884, 101325.000000, 37.891884, 13298812537
0.000185, -0.001368, 0.000227, 1.722920, -1.511292, -9.543216, -205.757919, -62.818169, 479.421417, 37.960449, 101325.000000, 37.960449, 13298822537
-0.000082, -0.002256, 0.000316, 1.740257, -1.507107, -9.547201, -208.690460, -62.821770, 479.421600, 37.844078, 101325.000000, 37.844078, 13298832537
0.000540, -0.001812, 0.000050, 1.727902, -1.507107, -9.526676, -210.158737, -64.244034, 482.489532, 37.864838, 101325.000000, 37.864838, 13298872537
0.001072, -0.001102, -0.000394, 1.741851, -1.501527, -9.560752, -217.479233, -55.372421, 481.135010, 37.882446, 101325.000000, 37.882446, 13298892537
0.001871, -0.001013, 0.000671, 1.726706, -1.519661, -9.547003, -213.081924, -56.950146, 476.451691, 37.877419, 101325.000000, 37.877419, 13298902537
0.001339, -0.001901, 0.000316, 1.729695, -1.491364, -9.534050, -208.686676, -59.915787, 476.386383, 37.914528, 101325.000000, 37.914528, 13298912537
0.000984, -0.001457, 0.000582, 1.716743, -1.494353, -9.533851, -208.690460, -62.821770, 479.421600, 37.998192, 101325.000000, 37.998192, 13298922537
0.000273, -0.001279, 0.000937, 1.722721, -1.505114, -9.542021, -204.282455, -55.453815, 476.483673, 37.849739, 101325.000000, 37.849739, 13298932537
0.000895, -0.001102, 0.000227, 1.737069, -1.521255, -9.549194, -205.743134, -51.064114, 473.481018, 37.959190, 101325.000000, 37.959190, 13298942537
0.001783, -0.000391, -0.000128, 1.738862, -1.505911, -9.535047, -210.147552, -55.461018, 476.484070, 37.873642, 101325.000000, 37.873642, 13298952537
0.000984, -0.001723, 0.001026, 1.722522, -1.496745, -9.536441, -211.613937, -55.430290, 478.034332, 37.900688, 101325.000000, 37.900688, 13298972537
0.000540, -0.001989, -0.001104, 1.730094, -1.513683, -9.530263, -207.222397, -61.334454, 479.454041, 37.894402, 101325.000000, 37.894402, 13298982537
0.000629, -0.001989, 0.000582, 1.741054, -1.514281, -9.537836, -208.692642, -64.177162, 485.589783, 37.841560, 101325.000000, 37.841560, 13298992537
0.002049, -0.000924, 0.000937, 1.723518, -1.524643, -9.554974, -208.692841, -64.112099, 488.690063, 37.856026, 101325.000000, 37.856026, 13299002537
0.002049, -0.002167, 0.000849, 1.725909, -1.505712, -9.546803, -207.218796, -58.363400, 479.519104, 37.811996, 101325.000000, 37.811996, 13299012537
0.000629, -0.000569, 0.000582, 1.723717, -1.494154, -9.530861, -207.216461, -57.073078, 470.250671, 37.854141, 101325.000000, 37.854141, 13299022537
0.000984, -0.002256, 0.000316, 1.716942, -1.508701, -9.519703, -208.691803, -64.469955, 471.638275, 37.842190, 101325.000000, 37.842190, 13299032537
0.000984, -0.002078, -0.000128, 1.727504, -1.512487, -9.533451, -207.225830, -64.370567, 476.288666, 37.880562, 101325.000000, 37.880562, 13299042537
0.001427, -0.001634, 0.000671, 1.737467, -1.519661, -9.559557, -207.223938, -62.917568, 474.770996, 37.888741, 101325.000000, 37.888741, 13299052537
0.001072, -0.001190, 0.000494, 1.732884, -1.518665, -9.552383, -213.083527, -58.500729, 473.318848, 37.900059, 101325.000000, 37.900059, 13299062537
0.001694, -0.000569, -0.000128, 1.718138, -1.505513, -9.548397, -216.016190, -58.471802, 474.869171, 37.926483, 101325.000000, 37.926483, 13299072537
0.000096, -0.001190, 0.000227, 1.733681, -1.519661, -9.540228, -208.688400, -61.433849, 474.803619, 37.885593, 101325.000000, 37.885593, 13299092537
0.000717, -0.000835, 0.000671, 1.729496, -1.515078, -9.545608, -214.549896, -58.470001, 474.869080, 37.844707, 101325.000000, 37.844707, 13299102537
0.001871, -0.000658, 0.000937, 1.720728, -1.512288, -9.550789, -214.546402, -55.466419, 476.484314, 37.905094, 101325.000000, 37.905094, 13299112537
0.001339, -0.001013, 0.000849, 1.732485, -1.500730, -9.540228, -211.610428, -52.426712, 479.649506, 37.837788, 101325.000000, 37.837788, 13299122537
0.001516, -0.001013, 0.000138, 1.735076, -1.508103, -9.531061, -216.014862, -56.823620, 482.652588, 37.798157, 101325.000000, 37.798157, 13299132537
0.000984, -0.001013, -0.001193, 1.739460, -1.513284, -9.526875, -214.552338, -59.727795, 485.687744, 37.862946, 101325.000000, 37.862946, 13299142537
0.000984, -0.000924, -0.000217, 1.734677, -1.518067, -9.541822, -205.754303, -59.847122, 479.486450, 37.961075, 101325.000000, 37.961075, 13299152537
0.001871, -0.002344, 0.001470, 1.722522, -1.502723, -9.558163, -210.156281, -62.986233, 471.670898, 37.879303, 101325.000000, 37.879303, 13299162537
0.001960, -0.001546, 0.000937, 1.727703, -1.506110, -9.550988, -218.952438, -61.413921, 476.354492, 37.879929, 101325.000000, 37.879929, 13299172537
0.000984, 0.000407, -0.000660, 1.726906, -1.501527, -9.529068, -217.480652, -56.988079, 474.901794, 37.922707, 101325.000000, 37.922707, 13299182537
0.000984, -0.001013, 0.000405, 1.720927, -1.516473, -9.525480, -211.615372, -57.045948, 471.801117, 37.856030, 101325.000000, 37.856030, 13299192537
0.001605, -0.002078, 0.001204, 1.724714, -1.496745, -9.540228, -211.617523, -58.401337, 477.969269, 37.838417, 101325.000000, 37.838417, 13299212537
0.000629, -0.002078, 0.000849, 1.727304, -1.498937, -9.558361, -210.147736, -55.395954, 479.584381, 37.909500, 101325.000000, 37.909500, 13299222537
0.001339, 0.000052, 0.000405, 1.739858, -1.513683, -9.545010, -211.610519, -52.394176, 481.199707, 37.851627, 101325.000000, 37.851627, 13299242537
0.001339, -0.001457, 0.000138, 1.725909, -1.508900, -9.519901, -208.690460, -62.821770, 479.421600, 37.878674, 101325.000000, 37.878674, 13299252537
0.000362, -0.002522, 0.000494, 1.731290, -1.505911, -9.535046, -209.423660, -62.806396, 480.196747, 37.942833, 101325.000000, 37.942833, 13299262537
0.001072, -0.001368, 0.000405, 1.725112, -1.505712, -9.546803, -211.620361, -60.580814, 480.245697, 37.888107, 101325.000000, 37.888107, 13299272537
0.001694, -0.000480, -0.000217, 1.741253, -1.513484, -9.555172, -210.151352, -58.367001, 479.519318, 37.854141, 101325.000000, 37.854141, 13299282537
0.001161, -0.001634, -0.000572, 1.725112, -1.511491, -9.540825, -207.950241, -56.846241, 481.101868, 37.921448, 101325.000000, 37.921448, 13299292537
0.001072, -0.001190, 0.001559, 1.731489, -1.513484, -9.530064, -211.615067, -56.091717, 481.893494, 37.818287, 101325.000000, 37.818287, 13299302537
0.000717, -0.001368, 0.000405, 1.725511, -1.511092, -9.538433, -216.009979, -53.239937, 476.533203, 37.860432, 101325.000000, 37.860432, 13299322537
0.000451, -0.002078, 0.000050, 1.735076, -1.506708, -9.546404, -213.811554, -53.947468, 478.066986, 37.854771, 101325.000000, 37.854771, 13299332537
0.001516, -0.000924, 0.000316, 1.737866, -1.517868, -9.551785, -210.153015, -59.901325, 477.161530, 37.838417, 101325.000000, 37.838417, 13299342537
0.002049, -0.000480, 0.000582, 1.727105, -1.520458, -9.532654, -213.822159, -62.925667, 474.771454, 37.799416, 101325.000000, 37.799416, 13299352537
0.002226, -0.000214, 0.000671, 1.725710, -1.505513, -9.527473, -217.486053, -61.444649, 474.804230, 37.862320, 101325.000000, 37.862320, 13299362537
-0.000082, -0.001457, -0.000305, 1.721127, -1.501726, -9.527075, -217.485245, -60.669353, 476.370667, 37.864834, 101325.000000, 37.864834, 13299372537
0.000717, -0.001368, 0.000227, 1.737666, -1.513284, -9.553578, -215.285690, -60.715450, 474.045288, 37.850998, 101325.000000, 37.850998, 13299382537
0.000185, -0.002078, 0.000050, 1.740456, -1.518266, -9.559357, -213.082870, -57.676636, 477.210510, 37.885593, 101325.000000, 37.885593, 13299392537
0.002226, -0.000747, 0.000494, 1.726507, -1.506708, -9.541224, -212.346497, -54.574558, 483.476196, 37.824577, 101325.000000, 37.824577, 13299402537
0.000984, -0.000658, 0.000405, 1.730493, -1.507306, -9.551586, -217.486328, -61.347050, 479.454681, 37.876785, 101325.000000, 37.876785, 13299432537
0.001250, -0.000391, 0.000316, 1.731489, -1.510694, -9.543615, -216.018112, -59.908524, 477.161896, 37.922077, 101325.000000, 37.922077, 13299442537
0.001161, -0.001457, 0.001293, 1.729696, -1.505513, -9.551785, -210.886002, -59.951023, 474.836365, 37.900059, 101325.000000, 37.900059, 13299462537
0.001516, 0.000052, 0.000405, 1.723319, -1.502125, -9.542618, -210.885437, -59.094391, 480.278198, 37.823318, 101325.000000, 37.823318, 13299472537
0.000185, -0.001457, -0.000128, 1.742848, -1.516473, -9.532656, -217.478424, -54.597130, 482.701447, 37.818916, 101325.000000, 37.818916, 13299492537
0.002138, -0.000391, 0.000760, 1.715946, -1.506907, -9.548198, -207.949707, -57.025173, 472.575958, 37.823948, 101325.000000, 37.823948, 13299512537
0.002493, 0.000141, 0.000494, 1.716344, -1.503918, -9.529665, -208.687195, -60.788677, 470.169434, 37.874271, 101325.000000, 37.874271, 13299522537
0.001516, -0.001546, 0.000050, 1.729297, -1.501726, -9.521694, -210.155151, -62.324806, 467.811707, 37.836529, 101325.000000, 37.836529, 13299532537
0.000096, -0.001723, 0.000227, 1.725511, -1.517071, -9.541622, -211.620483, -61.600121, 467.053009, 37.899429, 101325.000000, 37.899429, 13299542537
0.000629, -0.001368, 0.000138, 1.730891, -1.515676, -9.559557, -214.542786, -52.495377, 476.549377, 37.942207, 101325.000000, 37.942207, 13299552537
0.002049, -0.001190, 0.000582, 1.739659, -1.498140, -9.541622, -211.614029, -55.397755, 479.584442, 37.874275, 101325.000000, 37.874275, 13299562608
0.001427, -0.002078, 0.000405, 1.720728, -1.492759, -9.517509, -208.688950, -61.238651, 484.104645, 37.824577, 101325.000000, 37.824577, 13299572537
0.000451, -0.001546, 0.000494, 1.737069, -1.491763, -9.525481, -207.220886, -59.751328, 484.137085, 37.903206, 101325.000000, 37.903206, 13299582537
0.000717, -0.001634, 0.000050, 1.729895, -1.511491, -9.550190, -213.091476, -64.182564, 485.590027, 37.884335, 101325.000000, 37.884335, 13299602537
0.001783, -0.001279, 0.001648, 1.731090, -1.507107, -9.556568, -207.218994, -58.298336, 482.619476, 37.889366, 101325.000000, 37.889366, 13299612537
0.001871, -0.000924, 0.000405, 1.729696, -1.509099, -9.529467, -211.624939, -64.278366, 480.939453, 37.889366, 101325.000000, 37.889366, 13299632537
0.000629, -0.001368, -0.000572, 1.731688, -1.517071, -9.535246, -208.686493, -59.980854, 473.286041, 37.892509, 101325.000000, 37.892509, 13299642537
0.000895, -0.002344, 0.000849, 1.726308, -1.522451, -9.558163, -213.085327, -59.986256, 473.286316, 37.838417, 101325.000000, 37.838417, 13299652537
0.002581, -0.000747, 0.000227, 1.722721, -1.505512, -9.551188, -211.619339, -59.886860, 477.936707, 37.831497, 101325.000000, 37.831497, 13299662537
0.001516, -0.000480, 0.000138, 1.721326, -1.496147, -9.540028, -205.752411, -58.394131, 477.968872, 37.831497, 101325.000000, 37.831497, 13299672537
0.001339, -0.001013, 0.000405, 1.723917, -1.504118, -9.520898, -202.821579, -59.908585, 476.385986, 37.829613, 101325.000000, 37.829613, 13299682537
-0.000082, -0.000747, -0.000927, 1.730094, -1.513085, -9.528669, -208.688202, -61.498913, 471.703308, 37.839676, 101325.000000, 37.839676, 13299692537
0.000984, 0.000052, 0.001293, 1.734877, -1.514281, -9.546604, -214.556824, -64.509697, 470.088440, 37.814514, 101325.000000, 37.814514, 13299702537
0.000984, -0.000214, 0.001115, 1.730692, -1.500531, -9.555970, -211.626740, -65.763893, 480.906891, 37.866096, 101325.000000, 37.866096, 13299712537
0.001516, -0.001812, 0.001381, 1.728898, -1.502723, -9.537637, -208.687424, -59.655525, 488.787689, 37.894402, 101325.000000, 37.894402, 13299722537
0.000895, -0.000480, -0.000039, 1.723119, -1.512487, -9.527075, -213.073563, -49.294800, 487.465546, 37.898174, 101325.000000, 37.898174, 13299732542
0.000629, -0.002344, 0.000582, 1.723717, -1.520458, -9.537238, -216.021973, -62.798241, 480.972260, 37.839676, 101325.000000, 37.839676, 13299752537
0.001694, -0.002167, 0.001204, 1.729098, -1.510096, -9.545209, -211.611954, -54.009830, 474.966461, 37.844707, 101325.000000, 37.844707, 13299762537
0.001427, -0.000303, 0.000405, 1.738663, -1.504317, -9.546803, -205.759628, -64.336227, 477.838745, 37.873642, 101325.000000, 37.873642, 13299782537
0.001161, 0.000230, 0.000582, 1.736670, -1.507904, -9.518705, -208.692093, -64.372360, 476.288757, 37.887482, 101325.000000, 37.887482, 13299792537
0.000895, -0.001901, 0.000582, 1.732485, -1.514679, -9.532057, -211.615463, -57.013416, 473.351257, 37.795643, 101325.000000, 37.795643, 13299802537
-0.000082, -0.002611, 0.001293, 1.725511, -1.502125, -9.553578, -210.147186, -55.591152, 470.283386, 37.864204, 101325.000000, 37.864204, 13299812537
0.001161, -0.002167, 0.000405, 1.720927, -1.507505, -9.547401, -210.145569, -54.040558, 473.416229, 37.867981, 101325.000000, 37.867981, 13299822537
0.001783, -0.001546, -0.000039, 1.729696, -1.510694, -9.542419, -210.146133, -53.845360, 482.717255, 37.864838, 101325.000000, 37.864838, 13299832537
0.000717, -0.000125, -0.000039, 1.743445, -1.512089, -9.517509, -210.151428, -58.334465, 481.069489, 37.883705, 101325.000000, 37.883705, 13299842537
0.000984, -0.003055, 0.000760, 1.734478, -1.499136, -9.529865, -210.158173, -64.439232, 473.188507, 37.883705, 101325.000000, 37.883705, 13299862537
0.000806, -0.002256, 0.000405, 1.731888, -1.515875, -9.558561, -210.161865, -67.377739, 474.673584, 37.905094, 101325.000000, 37.905094, 13299872537
0.001339, -0.000214, 0.000316, 1.731887, -1.511690, -9.553978, -210.156372, -62.953705, 473.221069, 37.870499, 101325.000000, 37.870499, 13299882537
0.001783, -0.000036, 0.000316, 1.727902, -1.512487, -9.527075, -208.684677, -58.495327, 473.318542, 37.834015, 101325.000000, 37.834015, 13299892537
-0.000082, -0.000391, 0.000671, 1.725710, -1.513284, -9.518108, -208.685059, -58.365196, 479.519196, 37.902576, 101325.000000, 37.902576, 13299902537
0.001161, -0.002078, 0.000849, 1.714551, -1.513484, -9.544014, -208.686768, -59.883255, 477.936523, 37.930252, 101325.000000, 37.930252, 13299912537
0.001250, -0.001279, 0.000494, 1.732286, -1.504317, -9.546006, -205.752701, -58.296532, 482.619385, 37.867981, 101325.000000, 37.867981, 13299922537
0.000806, -0.000569, -0.000838, 1.728898, -1.505512, -9.551985, -208.688858, -61.271183, 482.554504, 37.888107, 101325.000000, 37.888107, 13299932537
0.002049, -0.000835, -0.000039, 1.741054, -1.516672, -9.539032, -211.624832, -64.310898, 479.389252, 37.972401, 101325.000000, 37.972401, 13299942537
0.000895, -0.000835, 0.000405, 1.729895, -1.512288, -9.522093, -208.679565, -53.941158, 478.066650, 37.935913, 101325.000000, 37.935913, 13299952537
0.000984, -0.001989, -0.000039, 1.730293, -1.508103, -9.532256, -213.080307, -55.399551, 479.584534, 37.877415, 101325.000000, 37.877415, 13299962537
0.000451, -0.002167, 0.000405, 1.733681, -1.521056, -9.556966, -211.617355, -58.466400, 474.868896, 37.851624, 101325.000000, 37.851624, 13299982537
0.001250, -0.000924, 0.000671, 1.738264, -1.511889, -9.549793, -211.611954, -54.009830, 474.966461, 37.930252, 101325.000000, 37.930252, 13299992537
0.001516, -0.000480, 0.000316, 1.731290, -1.516871, -9.522093, -208.677399, -52.585770, 471.898529, 37.973030, 101325.000000, 37.973030, 13300002537
0.001516, -0.001279, 0.001204, 1.719732, -1.499136, -9.521296, -210.150772, -58.562199, 470.218292, 37.835899, 101325.000000, 37.835899, 13300012537
-0.000259, -0.002877, 0.000494, 1.731688, -1.504516, -9.555372, -216.018082, -59.924797, 476.386810, 37.876160, 101325.000000, 37.876160, 13300022537
-0.000526, -0.001723, -0.000128, 1.733083, -1.502523, -9.576494, -216.023773, -64.283768, 480.939758, 37.860432, 101325.000000, 37.860432, 13300032537
0.001960, 0.001562, 0.000405, 1.740257, -1.528031, -9.552185, -217.493149, -67.419273, 473.123901, 37.917671, 101325.000000, 37.917671, 13300042537
0.002226, 0.000230, -0.000039, 1.727902, -1.497940, -9.497583, -217.487854, -62.930168, 474.771637, 37.832123, 101325.000000, 37.832123, 13300052537
0.000717, -0.003587, 0.000582, 1.706978, -1.507107, -9.514321, -217.484619, -59.828995, 481.037445, 37.807594, 101325.000000, 37.807594, 13300062537
-0.000881, -0.003499, 0.000671, 1.728500, -1.497342, -9.553181, -207.218796, -58.363400, 479.519104, 37.867981, 101325.000000, 37.867981, 13300072537
0.001427, 0.001029, 0.000405, 1.727703, -1.518864, -9.559557, -205.752609, -58.329063, 481.069214, 37.893768, 101325.000000, 37.893768, 13300082537
0.000185, -0.002256, 0.000227, 1.735873, -1.522650, -9.524285, -205.762650, -67.502472, 468.472656, 37.819546, 101325.000000, 37.819546, 13300102537
0.001339, -0.002167, 0.000316, 1.722123, -1.506509, -9.543415, -207.220596, -59.848927, 479.486572, 37.910126, 101325.000000, 37.910126, 13300112537
0.002049, -0.000658, 0.000494, 1.719134, -1.503520, -9.541024, -218.943802, -53.856163, 482.717804, 37.888107, 101325.000000, 37.888107, 13300122537
0.000451, -0.001457, -0.000039, 1.729895, -1.501527, -9.546404, -214.548386, -56.886883, 479.552094, 37.868607, 101325.000000, 37.868607, 13300132537
-0.000614, -0.002256, -0.000128, 1.744242, -1.519462, -9.550789, -213.082214, -56.852547, 481.102203, 37.859177, 101325.000000, 37.859177, 13300142537
0.002226, -0.000391, 0.000138, 1.728699, -1.510096, -9.543814, -211.612045, -53.977295, 476.516663, 37.901321, 101325.000000, 37.901321, 13300152537
0.002759, -0.000214, 0.000849, 1.724116, -1.498937, -9.526676, -210.147934, -55.330887, 482.684723, 37.845963, 101325.000000, 37.845963, 13300162537
0.000540, -0.001989, 0.000138, 1.717540, -1.496147, -9.522093, -216.013245, -55.273026, 485.785431, 37.905098, 101325.000000, 37.905098, 13300172537
-0.000259, -0.002078, -0.000394, 1.719931, -1.511690, -9.540227, -213.083801, -58.403130, 477.969360, 37.837158, 101325.000000, 37.837158, 13300182537
0.000984, -0.000835, 0.000405, 1.734478, -1.516273, -9.558560, -207.220047, -60.044125, 470.185608, 37.834015, 101325.000000, 37.834015, 13300192537
0.001516, -0.001190, 0.001470, 1.735474, -1.515476, -9.542021, -207.212936, -54.069492, 471.865906, 37.906349, 101325.000000, 37.906349, 13300202537
0.001072, -0.002522, 0.000671, 1.722522, -1.499534, -9.533052, -208.688004, -61.563980, 468.602997, 37.804451, 101325.000000, 37.804451, 13300222537
0.000540, -0.001190, -0.000217, 1.731888, -1.525440, -9.527274, -211.617355, -58.466400, 474.868896, 37.843449, 101325.000000, 37.843449, 13300242537
0.001072, -0.001634, 0.000227, 1.738065, -1.501129, -9.544212, -213.082474, -56.754948, 485.752716, 37.872383, 101325.000000, 37.872383, 13300262537
0.002049, -0.000747, 0.000849, 1.728898, -1.497342, -9.536640, -217.482910, -58.310932, 482.620117, 37.860435, 101325.000000, 37.860435, 13300272537
0.001516, -0.000924, 0.000138, 1.731688, -1.503320, -9.529467, -214.548111, -56.984482, 474.901611, 37.903835, 101325.000000, 37.903835, 13300282537
-0.000082, -0.003055, -0.000039, 1.736272, -1.518465, -9.534050, -213.087326, -61.406715, 476.354126, 37.830238, 101325.000000, 37.830238, 13300292537
0.001072, -0.001457, 0.000582, 1.735076, -1.507705, -9.542419, -211.621140, -61.372387, 477.904175, 37.954788, 101325.000000, 37.954788, 13300302537
0.002759, -0.000924, -0.000128, 1.718935, -1.508103, -9.537239, -210.145569, -54.040558, 473.416229, 37.878670, 101325.000000, 37.878670, 13300312537
0.000185, -0.001102, -0.000660, 1.727703, -1.504317, -9.534449, -210.149170, -57.011612, 473.351166, 37.917671, 101325.000000, 37.917671, 13300332537
0.001516, -0.000924, -0.000660, 1.735076, -1.503918, -9.544611, -211.620850, -61.469986, 473.253662, 37.831497, 101325.000000, 37.831497, 13300342537
0.001694, -0.001457, 0.000227, 1.729496, -1.516871, -9.544611, -216.023575, -64.348831, 477.839417, 37.830864, 101325.000000, 37.830864, 13300352537
0.001072, -0.000924, 0.001115, 1.717739, -1.506110, -9.534049, -213.091476, -64.182564, 485.590027, 37.868607, 101325.000000, 37.868607, 13300362537
0.001960, -0.001812, 0.000227, 1.718935, -1.500929, -9.542618, -210.155045, -61.305519, 481.004425, 37.862320, 101325.000000, 37.862320, 13300372537
0.001161, 0.000585, 0.000050, 1.726706, -1.517270, -9.541622, -210.153137, -59.852524, 479.486755, 37.925850, 101325.000000, 37.925850, 13300382537
0.000629, -0.000569, 0.000050, 1.737866, -1.513882, -9.535645, -208.686829, -59.866993, 478.711609, 37.921448, 101325.000000, 37.921448, 13300392537
0.000806, -0.002078, 0.000671, 1.731688, -1.517469, -9.533851, -206.485657, -58.362503, 479.519104, 37.954788, 101325.000000, 37.954788, 13300402537
0.001072, -0.001368, 0.001204, 1.731887, -1.504715, -9.538632, -206.483002, -56.117950, 480.342957, 37.849739, 101325.000000, 37.849739, 13300412537
0.001516, -0.001723, 0.000227, 1.724913, -1.503520, -9.546604, -210.879761, -54.735420, 475.725250, 37.869865, 101325.000000, 37.869865, 13300422537
0.001339, -0.001901, 0.000227, 1.729297, -1.513484, -9.533253, -213.079987, -55.513420, 474.158997, 37.884964, 101325.000000, 37.884964, 13300432537
0.000273, -0.001102, 0.000405, 1.743246, -1.512089, -9.544810, -208.687698, -60.626022, 477.920227, 37.843449, 101325.000000, 37.843449, 13300442537
0.001250, -0.001989, 0.001115, 1.727902, -1.519661, -9.547600, -206.492920, -64.288330, 480.164062, 37.835899, 101325.000000, 37.835899, 13300452537
0.001960, -0.001457, 0.000582, 1.728301, -1.508502, -9.543615, -207.223312, -62.077209, 479.437836, 37.848480, 101325.000000, 37.848480, 13300462537
0.001072, -0.001368, 0.000494, 1.718536, -1.499734, -9.544811, -207.220230, -59.979057, 473.285950, 37.899433, 101325.000000, 37.899433, 13300472537
0.000717, -0.002167, -0.000128, 1.724714, -1.501328, -9.533851, -209.415894, -57.059513, 471.025879, 37.907608, 101325.000000, 37.907608, 13300482537
0.000895, -0.000391, 0.000671, 1.727105, -1.509099, -9.533850, -212.346878, -55.496254, 474.934021, 37.827095, 101325.000000, 37.827095, 13300492537
0.000895, -0.001457, 0.000405, 1.735076, -1.509299, -9.539629, -213.816818, -58.452839, 475.644104, 37.928368, 101325.000000, 37.928368, 13300502537
0.001161, -0.001723, -0.000305, 1.722123, -1.497940, -9.536043, -213.822540, -62.795544, 480.972107, 37.863579, 101325.000000, 37.863579, 13300522537
0.000096, -0.001634, 0.000582, 1.724714, -1.509697, -9.537437, -213.090012, -63.635006, 476.305298, 37.900063, 101325.000000, 37.900063, 13300532537
0.000362, -0.001723, 0.000138, 1.727703, -1.518665, -9.535046, -213.824829, -65.170227, 473.947540, 37.854141, 101325.000000, 37.854141, 13300542537
0.000984, -0.001013, 0.001115, 1.736670, -1.513683, -9.541821, -210.891418, -64.407585, 474.738708, 37.850998, 101325.000000, 37.850998, 13300552537
0.001516, -0.001279, 0.000227, 1.725112, -1.514081, -9.542618, -210.887909, -61.404011, 476.353943, 37.815773, 101325.000000, 37.815773, 13300562537
0.001250, -0.000569, -0.000927, 1.723717, -1.500531, -9.545210, -213.087402, -61.374180, 477.904266, 37.875526, 101325.000000, 37.875526, 13300572537
0.001516, -0.000391, -0.000394, 1.725511, -1.504317, -9.538034, -213.821213, -62.199177, 474.012634, 37.850998, 101325.000000, 37.850998, 13300582537
0.000629, -0.001013, 0.000227, 1.729895, -1.513683, -9.539230, -209.419922, -59.884155, 477.936554, 37.913269, 101325.000000, 37.913269, 13300602537
0.001339, -0.000480, 0.000671, 1.719333, -1.514879, -9.540825, -204.288849, -60.620617, 477.919952, 37.925850, 101325.000000, 37.925850, 13300612537
0.001960, -0.000924, 0.000316, 1.727703, -1.502523, -9.543615, -205.019028, -58.490833, 473.318298, 37.849113, 101325.000000, 37.849113, 13300622537
0.001250, -0.001190, 0.000582, 1.741253, -1.516074, -9.528669, -207.948090, -55.474586, 475.708832, 37.786835, 101325.000000, 37.786835, 13300642537
0.000717, -0.002078, 0.000138, 1.730891, -1.517270, -9.538235, -209.417358, -57.607071, 480.310608, 37.889366, 101325.000000, 37.889366, 13300652537
0.000984, -0.000924, 0.000937, 1.727902, -1.509498, -9.545807, -214.551117, -59.098900, 480.278442, 37.881191, 101325.000000, 37.881191, 13300662537
0.001339, -0.001102, 0.000138, 1.723319, -1.495350, -9.547600, -213.086456, -60.647690, 477.145447, 37.911385, 101325.000000, 37.911385, 13300672537
0.000806, -0.000924, 0.000494, 1.736072, -1.504516, -9.552582, -210.154755, -61.403118, 476.353912, 37.813885, 101325.000000, 37.813885, 13300682537
0.000451, -0.000658, 0.000138, 1.734677, -1.511690, -9.541024, -205.755844, -61.430248, 474.803436, 37.851624, 101325.000000, 37.851624, 13300692554
0.000895, -0.001634, 0.001204, 1.730094, -1.517071, -9.537437, -208.692093, -64.372360, 476.288757, 37.875526, 101325.000000, 37.875526, 13300702537
0.001516, -0.001901, 0.000227, 1.726109, -1.498139, -9.537039, -211.628159, -67.379539, 474.673676, 37.879932, 101325.000000, 37.879932, 13300712537
0.001605, -0.001190, 0.000582, 1.726906, -1.503719, -9.546803, -211.622482, -63.020573, 470.120819, 37.874268, 101325.000000, 37.874268, 13300722537
0.001516, -0.001723, 0.000227, 1.734877, -1.499136, -9.557962, -213.085602, -59.888657, 477.936798, 37.873642, 101325.000000, 37.873642, 13300732537
0.001250, -0.001901, 0.000316, 1.741652, -1.509897, -9.527075, -211.619904, -59.691666, 487.237732, 37.891258, 101325.000000, 37.891258, 13300742537
0.001339, -0.001812, 0.000405, 1.716743, -1.512487, -9.534050, -210.149643, -56.848946, 481.102020, 37.881821, 101325.000000, 37.881821, 13300762537
0.000806, -0.001634, 0.000227, 1.723119, -1.497342, -9.542818, -208.686584, -59.948322, 474.836182, 37.881187, 101325.000000, 37.881187, 13300772537
0.001339, -0.001190, -0.000305, 1.732485, -1.499734, -9.552980, -210.151611, -58.269402, 484.169769, 37.820801, 101325.000000, 37.820801, 13300782537
0.001161, 0.000674, 0.000316, 1.744641, -1.511889, -9.536840, -214.550827, -58.144669, 490.370789, 37.847855, 101325.000000, 37.847855, 13300792537
0.000717, -0.001013, 0.000849, 1.732286, -1.520060, -9.533651, -217.477432, -53.886894, 481.167542, 37.879303, 101325.000000, 37.879303, 13300802537
0.001516, -0.001812, 0.000582, 1.722123, -1.503121, -9.538633, -214.548111, -56.984482, 474.901611, 37.831497, 101325.000000, 37.831497, 13300812537
0.001516, -0.001190, 0.000671, 1.722920, -1.505911, -9.548796, -211.618179, -58.173603, 488.820404, 37.835899, 101325.000000, 37.835899, 13300822537
0.001250, -0.001457, 0.000050, 1.732087, -1.510893, -9.543814, -216.011536, -53.754967, 487.368134, 37.883705, 101325.000000, 37.883705, 13300832537
0.000096, -0.001546, 0.000582, 1.737268, -1.514081, -9.540228, -216.021774, -62.863304, 477.871918, 37.889996, 101325.000000, 37.889996, 13300842537
0.000806, -0.001457, 0.000849, 1.728101, -1.515277, -9.547003, -211.621323, -61.307323, 481.004517, 37.881817, 101325.000000, 37.881817, 13300852537
0.001072, -0.001901, 0.001204, 1.719532, -1.508502, -9.542021, -216.011353, -53.820034, 484.267761, 37.859802, 101325.000000, 37.859802, 13300862537
0.000895, -0.001989, 0.000582, 1.737467, -1.499136, -9.543217, -211.614227, -55.332691, 482.684814, 37.859177, 101325.000000, 37.859177, 13300882537
0.001161, -0.000924, 0.000582, 1.737069, -1.513284, -9.536441, -210.153046, -59.885059, 477.936615, 37.817032, 101325.000000, 37.817032, 13300892537
0.001605, -0.001013, 0.000671, 1.723917, -1.501926, -9.528869, -211.617813, -58.303738, 482.619751, 37.912010, 101325.000000, 37.912010, 13300912537
0.001072, -0.001723, -0.000394, 1.720927, -1.501328, -9.543016, -213.082382, -56.787479, 484.202515, 37.867348, 101325.000000, 37.867348, 13300922537
0.000362, -0.000569, 0.000582, 1.729496, -1.506110, -9.547800, -213.082214, -56.852547, 481.102203, 37.930885, 101325.000000, 37.930885, 13300932537
0.001161, -0.000747, 0.000138, 1.739061, -1.519661, -9.525083, -213.082306, -56.820011, 482.652374, 37.876785, 101325.000000, 37.876785, 13300942537
0.001783, -0.001368, 0.000760, 1.739061, -1.519063, -9.528669, -216.023956, -64.218697, 484.040039, 37.927742, 101325.000000, 37.927742, 13300952537
0.002049, -0.001723, 0.000671, 1.727703, -1.507904, -9.538035, -216.023483, -64.381371, 476.289246, 37.894402, 101325.000000, 37.894402, 13300962537
0.001250, -0.001634, 0.000405, 1.719732, -1.495549, -9.547600, -213.080124, -55.464619, 476.484253, 37.862320, 101325.000000, 37.862320, 13300972537
0.000806, -0.000835, -0.000039, 1.746833, -1.514679, -9.535444, -214.555481, -62.861504, 477.871826, 37.867355, 101325.000000, 37.867355, 13300992537
0.000451, -0.002611, -0.000217, 1.746434, -1.511092, -9.538832, -214.555206, -62.959106, 473.221344, 37.844704, 101325.000000, 37.844704, 13301002537
0.001516, -0.001457, 0.001115, 1.724913, -1.507306, -9.554176, -210.155212, -61.240452, 484.104736, 37.890625, 101325.000000, 37.890625, 13301012537
0.001960, -0.001279, 0.000937, 1.730293, -1.508302, -9.543016, -210.149826, -56.783882, 484.202332, 37.805706, 101325.000000, 37.805706, 13301022537
0.000895, -0.002256, 0.000138, 1.741054, -1.510893, -9.527473, -214.549988, -58.437466, 476.419281, 37.920818, 101325.000000, 37.920818, 13301032537
0.000984, -0.001723, -0.000305, 1.741652, -1.516273, -9.539032, -213.087402, -61.374184, 477.904266, 37.834641, 101325.000000, 37.834641, 13301042537
0.000451, -0.001634, 0.000760, 1.736072, -1.508701, -9.550190, -208.688766, -61.303715, 481.004333, 37.879303, 101325.000000, 37.879303, 13301052537
0.001871, -0.000569, 0.000582, 1.728898, -1.508302, -9.546405, -207.220978, -59.718796, 485.687286, 37.918304, 101325.000000, 37.918304, 13301062537
0.000984, -0.000658, 0.000138, 1.723518, -1.509498, -9.538034, -210.146042, -53.877895, 481.167084, 37.856659, 101325.000000, 37.856659, 13301082537
0.001694, -0.001102, 0.000849, 1.734877, -1.521654, -9.537039, -202.819504, -58.520657, 471.768036, 37.898804, 101325.000000, 37.898804, 13301092537
0.001605, -0.002877, 0.001381, 1.723119, -1.506708, -9.535844, -211.622757, -62.922970, 474.771301, 37.933399, 101325.000000, 37.933399, 13301112537
0.000806, -0.001546, 0.001115, 1.730094, -1.501328, -9.552183, -207.214737, -55.555019, 471.833344, 37.913269, 101325.000000, 37.913269, 13301122537
0.002049, -0.000835, 0.000671, 1.739460, -1.505313, -9.545408, -210.145096, -54.203224, 465.665405, 37.878677, 101325.000000, 37.878677, 13301132537
0.001694, -0.001812, 0.000494, 1.732087, -1.514679, -9.530064, -218.949112, -58.345268, 481.070038, 37.811371, 101325.000000, 37.811371, 13301152537
0.001072, -0.002078, 0.000050, 1.726507, -1.517868, -9.552782, -217.479599, -55.242290, 487.335693, 37.945351, 101325.000000, 37.945351, 13301162537
0.000096, -0.001013, 0.001204, 1.731489, -1.505513, -9.550789, -213.085983, -59.758526, 484.137451, 37.850998, 101325.000000, 37.850998, 13301172537
0.002226, -0.000569, -0.000039, 1.728699, -1.513882, -9.536442, -208.682892, -57.009808, 473.351105, 37.861687, 101325.000000, 37.861687, 13301182537
0.000984, -0.000569, 0.000494, 1.727902, -1.512089, -9.514919, -207.213135, -54.004429, 474.966187, 37.901321, 101325.000000, 37.901321, 13301192537
0.001516, -0.001368, 0.000671, 1.716344, -1.505313, -9.554176, -208.688293, -61.466381, 473.253479, 37.874901, 101325.000000, 37.874901, 13301212542
-0.000170, -0.001279, 0.000405, 1.735275, -1.517469, -9.554376, -208.686203, -60.078453, 468.635529, 37.864204, 101325.000000, 37.864204, 13301232537
0.002049, -0.002078, 0.000405, 1.739061, -1.513683, -9.524883, -210.153046, -59.885059, 477.936615, 37.795639, 101325.000000, 37.795639, 13301252537
0.001250, -0.001546, 0.001825, 1.730094, -1.508701, -9.531857, -208.684875, -58.430264, 476.418884, 37.830238, 101325.000000, 37.830238, 13301262537
0.000451, -0.002344, 0.000316, 1.733482, -1.502723, -9.542219, -208.688400, -61.433849, 474.803619, 37.816399, 101325.000000, 37.816399, 13301272537
0.001072, -0.001190, -0.000217, 1.737268, -1.517868, -9.552183, -208.688766, -61.303715, 481.004333, 37.913269, 101325.000000, 37.913269, 13301282537
0.001516, -0.000125, 0.000138, 1.741453, -1.517868, -9.529267, -207.216827, -56.942947, 476.451324, 37.929626, 101325.000000, 37.929626, 13301292537
0.002049, -0.000125, 0.000849, 1.730094, -1.520657, -9.511532, -207.220337, -59.946526, 474.836090, 37.885593, 101325.000000, 37.885593, 13301302537
0.000451, -0.000835, 0.000671, 1.719532, -1.508103, -9.521694, -213.089401, -62.794632, 480.972076, 37.857285, 101325.000000, 37.857285, 13301312537
0.000451, -0.001013, 0.000494, 1.725312, -1.500730, -9.539431, -210.158447, -64.341629, 477.839020, 37.897545, 101325.000000, 37.897545, 13301322537
0.001427, -0.000391, 0.000760, 1.729895, -1.517868, -9.539431, -208.688293, -61.466381, 473.253479, 37.900063, 101325.000000, 37.900063, 13301352537
0.002581, -0.000303, 0.000671, 1.722322, -1.497940, -9.508543, -208.684967, -58.397728, 477.969055, 37.877415, 101325.000000, 37.877415, 13301362537
0.000806, -0.001989, 0.000316, 1.706978, -1.498937, -9.520898, -208.686768, -59.883255, 477.936523, 37.848480, 101325.000000, 37.848480, 13301372537
0.001871, -0.000125, 0.000138, 1.742648, -1.522451, -9.563742, -218.945694, -55.309158, 484.235443, 37.829609, 101325.000000, 37.829609, 13301392537
0.001339, -0.000036, 0.000050, 1.734877, -1.516074, -9.539828, -214.548203, -56.951946, 476.451813, 37.830238, 101325.000000, 37.830238, 13301402537
0.000806, -0.001634, 0.001026, 1.725312, -1.507306, -9.537238, -208.684875, -58.430264, 476.418884, 37.827721, 101325.000000, 37.827721, 13301412537
0.000806, -0.001279, 0.000138, 1.717340, -1.495150, -9.524285, -211.620758, -61.502522, 471.703491, 37.850998, 101325.000000, 37.850998, 13301422537
0.001783, -0.000658, 0.000494, 1.725710, -1.508900, -9.533851, -216.019409, -61.572987, 468.603455, 37.836529, 101325.000000, 37.836529, 13301432537
0.000717, -0.001368, 0.000138, 1.738464, -1.515676, -9.543615, -216.015991, -58.536869, 471.768860, 37.949127, 101325.000000, 37.949127, 13301442537
0.000984, -0.002433, 0.000582, 1.721725, -1.510295, -9.552980, -214.555206, -62.959106, 473.221344, 37.879303, 101325.000000, 37.879303, 13301452537
0.001516, -0.001457, 0.001204, 1.729895, -1.505712, -9.553578, -217.484253, -59.959126, 474.836731, 37.787468, 101325.000000, 37.787468, 13301462537
0.002138, -0.000480, 0.000937, 1.712956, -1.497940, -9.518507, -218.947128, -56.924816, 478.002258, 37.854767, 101325.000000, 37.854767, 13301472537
0.001161, -0.000835, -0.000572, 1.728301, -1.505512, -9.511133, -214.555679, -62.796436, 480.972168, 37.859802, 101325.000000, 37.859802, 13301482537
-0.000437, -0.002167, 0.000849, 1.730293, -1.521454, -9.527473, -208.684875, -58.430264, 476.418884, 37.873642, 101325.000000, 37.873642, 13301492537
0.002049, -0.000835, 0.000405, 1.731688, -1.517868, -9.549194, -214.546310, -55.498955, 474.934143, 37.884964, 101325.000000, 37.884964, 13301502537
0.000717, -0.001190, -0.000128, 1.730891, -1.512288, -9.562546, -216.016281, -58.439270, 476.419373, 37.836533, 101325.000000, 37.836533, 13301512537
0.001871, -0.001013, 0.000227, 1.733880, -1.509099, -9.525282, -213.817902, -59.130527, 478.728210, 37.888741, 101325.000000, 37.888741, 13301532537
0.000984, -0.001812, 0.000405, 1.730094, -1.516273, -9.514521, -213.819122, -59.759426, 484.137543, 37.819550, 101325.000000, 37.819550, 13301542537
0.000451, -0.002522, 0.000405, 1.732884, -1.517469, -9.537636, -212.353790, -60.484127, 484.896240, 37.912014, 101325.000000, 37.912014, 13301552537
0.001161, -0.002877, 0.001115, 1.734279, -1.512886, -9.556170, -210.883774, -57.560074, 482.635986, 37.865463, 101325.000000, 37.865463, 13301562537
0.002138, -0.000658, 0.000138, 1.713355, -1.506310, -9.549792, -209.414841, -55.313721, 483.459778, 37.912643, 101325.000000, 37.912643, 13301572537
0.001783, -0.000391, 0.000227, 1.732884, -1.509099, -9.544810, -207.948532, -55.328186, 482.684540, 37.830868, 101325.000000, 37.830868, 13301582537
0.000806, -0.001634, 0.000227, 1.734877, -1.511292, -9.524485, -209.416412, -56.880577, 479.551788, 37.810112, 101325.000000, 37.810112, 13301592537
0.000895, -0.003055, 0.000227, 1.733482, -1.507306, -9.533851, -213.817947, -59.114265, 479.503265, 37.932770, 101325.000000, 37.932770, 13301602537
0.001339, -0.001457, 0.001559, 1.721924, -1.508701, -9.542419, -215.283249, -58.405838, 477.969482, 37.849739, 101325.000000, 37.849739, 13301612537
0.000273, -0.001546, 0.000050, 1.713554, -1.500132, -9.546803, -210.148331, -56.252583, 474.142517, 37.833382, 101325.000000, 37.833382, 13301622537
0.001427, -0.002344, -0.000394, 1.739261, -1.505313, -9.540825, -205.751480, -57.667637, 477.210052, 37.866096, 101325.000000, 37.866096, 13301632537
0.001250, -0.000480, 0.000582, 1.724514, -1.511092, -9.531857, -206.485428, -58.443832, 475.643677, 37.886223, 101325.000000, 37.886223, 13301652537
0.000629, -0.000835, 0.000937, 1.731888, -1.501926, -9.526478, -211.607697, -50.214687, 478.923248, 37.930885, 101325.000000, 37.930885, 13301662537
0.000806, -0.001989, 0.000405, 1.724514, -1.501926, -9.537836, -217.475632, -52.401379, 481.200104, 37.879932, 101325.000000, 37.879932, 13301672537
0.001250, -0.001190, 0.000760, 1.744242, -1.514879, -9.557764, -218.950058, -59.071774, 481.828857, 37.884964, 101325.000000, 37.884964, 13301682537
0.001072, -0.000658, -0.000039, 1.753608, -1.510694, -9.550192, -217.486252, -61.379589, 477.904572, 37.874901, 101325.000000, 37.874901, 13301692537
0.001960, -0.001634, 0.001648, 1.730692, -1.496346, -9.517111, -216.017273, -59.149502, 477.953247, 37.896286, 101325.000000, 37.896286, 13301712537
0.000273, -0.002433, 0.000494, 1.721326, -1.497940, -9.522890, -215.284409, -59.050999, 482.603729, 37.910755, 101325.000000, 37.910755, 13301722537
0.000273, -0.000835, 0.000494, 1.730891, -1.505513, -9.544810, -213.817978, -59.098000, 480.278381, 37.901321, 101325.000000, 37.901321, 13301732537
0.000362, -0.000569, -0.000217, 1.742848, -1.514679, -9.547201, -210.152252, -59.109764, 479.503052, 37.820805, 101325.000000, 37.820805, 13301742537
0.001250, -0.001368, 0.001115, 1.743246, -1.508900, -9.550590, -207.954819, -60.527523, 482.570709, 37.866096, 101325.000000, 37.866096, 13301752537
0.001694, -0.001723, 0.000227, 1.715348, -1.489571, -9.528070, -213.821320, -62.166645, 475.562775, 37.896286, 101325.000000, 37.896286, 13301772537
0.000362, -0.002256, 0.000405, 1.729098, -1.511690, -9.528669, -208.687500, -60.691090, 474.819885, 37.866096, 101325.000000, 37.866096, 13301782537
-0.000969, -0.001457, 0.000316, 1.735076, -1.521853, -9.560354, -205.019302, -58.393234, 477.968811, 37.879936, 101325.000000, 37.879936, 13301792537
0.001161, -0.001190, 0.001026, 1.738065, -1.519462, -9.565136, -207.214447, -54.600792, 481.925720, 37.792496, 101325.000000, 37.792496, 13301802537
0.002493, 0.000141, 0.001293, 1.734478, -1.524244, -9.542619, -213.075043, -50.894184, 482.007446, 37.838417, 101325.000000, 37.838417, 13301812542
0.002404, -0.000658, 0.000405, 1.721525, -1.494353, -9.517509, -216.005753, -49.428532, 481.265076, 37.897545, 101325.000000, 37.897545, 13301822537
0.000007, -0.001190, -0.000217, 1.733880, -1.509897, -9.513924, -213.076797, -52.395973, 481.199799, 37.889366, 101325.000000, 37.889366, 13301832537
0.000629, -0.001368, -0.000394, 1.726906, -1.522252, -9.552582, -211.613754, -55.495354, 474.933960, 37.932770, 101325.000000, 37.932770, 13301842620
0.001161, -0.001190, -0.000572, 1.744641, -1.512886, -9.563144, -213.079758, -55.594749, 470.283569, 37.876785, 101325.000000, 37.876785, 13301852537
0.002759, -0.000214, 0.001470, 1.725909, -1.503520, -9.551387, -210.149277, -56.979080, 474.901306, 37.918930, 101325.000000, 37.918930, 13301862537
0.000717, -0.001102, 0.001204, 1.721326, -1.491763, -9.524284, -214.546494, -55.433887, 478.034485, 37.845337, 101325.000000, 37.845337, 13301872537
0.000362, -0.002433, 0.000405, 1.729098, -1.517071, -9.544412, -217.480743, -56.955547, 476.451996, 37.873642, 101325.000000, 37.873642, 13301892537
0.001605, -0.001013, 0.000937, 1.730094, -1.526237, -9.545807, -216.016190, -58.471802, 474.869171, 37.829609, 101325.000000, 37.829609, 13301902537
0.002049, -0.000125, 0.001204, 1.725511, -1.502524, -9.545607, -218.948730, -58.475403, 474.869354, 37.852257, 101325.000000, 37.852257, 13301912537
0.001516, -0.001279, 0.000582, 1.731489, -1.507904, -9.538435, -216.012680, -55.468224, 476.484406, 37.835899, 101325.000000, 37.835899, 13301922537
0.001072, -0.001368, 0.000050, 1.727902, -1.517270, -9.529665, -208.691803, -64.469955, 471.638275, 37.898804, 101325.000000, 37.898804, 13301932537
0.000717, -0.001546, -0.000217, 1.741054, -1.514879, -9.524485, -202.826706, -64.462753, 471.637878, 37.926479, 101325.000000, 37.926479, 13301942537
-0.000082, -0.001812, 0.000760, 1.740456, -1.524842, -9.544014, -201.351334, -57.065876, 470.250275, 37.895660, 101325.000000, 37.895660, 13301952537
0.001605, -0.002167, 0.000671, 1.730293, -1.507904, -9.567726, -210.145477, -54.073093, 471.866058, 37.862946, 101325.000000, 37.862946, 13301962537
0.001783, -0.000303, 0.000494, 1.717938, -1.509299, -9.540426, -216.010880, -53.982697, 476.516968, 37.856659, 101325.000000, 37.856659, 13301972537
0.001516, -0.000569, -0.000128, 1.734279, -1.491962, -9.509937, -217.482346, -58.506130, 473.319122, 37.816399, 101325.000000, 37.816399, 13301982537
0.001516, -0.001723, 0.000138, 1.738065, -1.506908, -9.538632, -204.283890, -57.069473, 470.250488, 37.935287, 101325.000000, 37.935287, 13302002537
-0.000170, -0.002344, -0.000128, 1.735076, -1.516871, -9.568126, -210.152756, -59.982658, 473.286133, 37.852882, 101325.000000, 37.852882, 13302012537
0.001161, -0.001368, 0.000405, 1.736670, -1.503520, -9.560154, -217.488403, -62.734970, 484.072662, 37.874901, 101325.000000, 37.874901, 13302022537
0.001694, -0.000569, -0.000039, 1.721127, -1.501726, -9.532854, -216.019974, -61.377789, 477.904480, 37.898804, 101325.000000, 37.898804, 13302032537
0.000984, -0.001190, 0.000050, 1.731888, -1.512886, -9.512927, -216.014206, -57.051350, 471.801392, 37.862946, 101325.000000, 37.862946, 13302042537
-0.000082, -0.001989, -0.000039, 1.724315, -1.506310, -9.528869, -218.950348, -60.025993, 471.736511, 37.908237, 101325.000000, 37.908237, 13302052537
0.000895, -0.001812, 0.000760, 1.726507, -1.505911, -9.557762, -216.021500, -62.960907, 473.221436, 37.823318, 101325.000000, 37.823318, 13302062537
0.001516, -0.000214, 0.000227, 1.728699, -1.522451, -9.559358, -213.083527, -58.500729, 473.318848, 37.832756, 101325.000000, 37.832756, 13302072537
0.001516, -0.000658, 0.000582, 1.725112, -1.499335, -9.545209, -214.540894, -51.042385, 475.031738, 37.845337, 101325.000000, 37.845337, 13302082537
0.000717, -0.001102, 0.000937, 1.729297, -1.530422, -9.533851, -213.074524, -51.073120, 473.481506, 37.829613, 101325.000000, 37.829613, 13302092537
0.001783, -0.000569, 0.000760, 1.727304, -1.513683, -9.525480, -214.544220, -54.111027, 470.316193, 37.871758, 101325.000000, 37.871758, 13302102537
0.000717, -0.001989, 0.000227, 1.731489, -1.505712, -9.550390, -211.624741, -64.343430, 477.839111, 37.916412, 101325.000000, 37.916412, 13302122537
0.001339, -0.002167, -0.000039, 1.738464, -1.508701, -9.551985, -210.152756, -59.982658, 473.286133, 37.825207, 101325.000000, 37.825207, 13302132537
0.001605, -0.000303, -0.000217, 1.734478, -1.513085, -9.527274, -213.085236, -60.018787, 471.736145, 37.857918, 101325.000000, 37.857918, 13302142537
0.001605, -0.000747, 0.001115, 1.717938, -1.518864, -9.514322, -208.686584, -59.948322, 474.836182, 37.849113, 101325.000000, 37.849113, 13302152537
0.000096, -0.001368, 0.000937, 1.717739, -1.494154, -9.530064, -208.692093, -64.372360, 476.288757, 37.869865, 101325.000000, 37.869865, 13302162537
0.000984, -0.001190, 0.000405, 1.720927, -1.497940, -9.547401, -211.624741, -64.343430, 477.839111, 37.867981, 101325.000000, 37.867981, 13302172537
0.001161, -0.001279, 0.000050, 1.736272, -1.509697, -9.558361, -213.083618, -58.468197, 474.868988, 37.867981, 101325.000000, 37.867981, 13302182537
0.001161, -0.001546, 0.000582, 1.737866, -1.517071, -9.554376, -207.216553, -57.040546, 471.800842, 37.902573, 101325.000000, 37.902573, 13302192537
0.002670, -0.000569, 0.000494, 1.731090, -1.515676, -9.533053, -204.285965, -58.457394, 474.868408, 37.884338, 101325.000000, 37.884338, 13302202537
0.001516, -0.001457, 0.001381, 1.724514, -1.496346, -9.516315, -213.087128, -61.471783, 473.253784, 37.865463, 101325.000000, 37.865463, 13302212537
0.000451, -0.001989, 0.000760, 1.715946, -1.509897, -9.524285, -217.484344, -59.926590, 476.386932, 37.838417, 101325.000000, 37.838417, 13302222537
0.001161, -0.000658, 0.000671, 1.713554, -1.516672, -9.531061, -208.681091, -55.524281, 473.383636, 37.820175, 101325.000000, 37.820175, 13302262537
0.001960, -0.001901, -0.000128, 1.721127, -1.506310, -9.516514, -207.217117, -56.845348, 481.101837, 37.857914, 101325.000000, 37.857914, 13302272537
0.000895, -0.002877, 0.000671, 1.729297, -1.507505, -9.545408, -208.689041, -61.206116, 485.654846, 37.843449, 101325.000000, 37.843449, 13302282537
0.000185, -0.001546, 0.000050, 1.735674, -1.503320, -9.550390, -211.620956, -61.437454, 474.803802, 37.925850, 101325.000000, 37.925850, 13302292537
0.002049, -0.001102, 0.000671, 1.729895, -1.511690, -9.544611, -210.147079, -55.623684, 468.733215, 37.840302, 101325.000000, 37.840302, 13302302537
0.001427, -0.000125, 0.001293, 1.719134, -1.507107, -9.526876, -207.211334, -52.518909, 474.998749, 37.857285, 101325.000000, 37.857285, 13302312537
0.000540, -0.001989, -0.000838, 1.732286, -1.509697, -9.526676, -211.617249, -58.498936, 473.318756, 37.845963, 101325.000000, 37.845963, 13302332537
0.000096, -0.002256, -0.000217, 1.740855, -1.507505, -9.561350, -210.145386, -54.105625, 470.315918, 37.923332, 101325.000000, 37.923332, 13302342537
0.002226, -0.001190, 0.000760, 1.727105, -1.506110, -9.541622, -214.548203, -56.951946, 476.451813, 37.854141, 101325.000000, 37.854141, 13302362537
0.001605, -0.000924, 0.000138, 1.724514, -1.490567, -9.540028, -211.612137, -53.944763, 478.066833, 37.917671, 101325.000000, 37.917671, 13302372537
0.000984, -0.002522, 0.000138, 1.731887, -1.508701, -9.525282, -214.543167, -52.365242, 482.750061, 37.849113, 101325.000000, 37.849113, 13302382537
0.001871, -0.002078, 0.000138, 1.738464, -1.520458, -9.535444, -216.014771, -56.856152, 481.102417, 37.859169, 101325.000000, 37.859169, 13302392537
0.001694, -0.001901, -0.000394, 1.733880, -1.522252, -9.547601, -211.618958, -60.016994, 471.736053, 37.880562, 101325.000000, 37.880562, 13302402537
